Street0:58,725;58,555
Street1:58,555;158,555
Street2:158,555;158,418
Street3:158,418;49,418
Street4:611,3;611,112
Street5:611,112;427,112
Street6:427,112;427,287
Street7:427,287;591,287
Street8:714,555;591,555
Street9:591,555;591,725
Street10:591,725;427,725
Street11:427,725;427,555
Street12:158,555;427,555
Street13:427,555;427,287
Street14:591,555;591,287
Street15:427,287;199,287
Street16:199,287;158,418
Street17:199,287;123,122
Street18:591,287;723,287
Street19:427,555;591,555
Street20:723,287;723,423
Street21:723,423;794,423